2041 2075 2109 2140 2174 2208 2242 2276 2310 2344
6458 6583 6708 6809 6934 7059 7184 7309 7434 7559
10968 11193 11418 11589 11814 12039 12264 12489 12714 12939
15478 15803 16128 16369 16694 17019 17344 17669 17994 18319
19988 20413 20838 21149 21574 21999 22424 22849 23274 23699
24498 25023 25548 25929 26454 26979 27504 28029 28554 29079
29008 29633 30258 30709 31334 31959 32584 33209 33834 34459
33518 34243 34968 35489 36214 36939 37664 38389 39114 39839
38028 38853 39678 40269 41094 41919 42744 43569 44394 45219
42538 43463 44388 45049 45974 46899 47824 48749 49674 50599
